(kicad_pcb (version 20171130) (host pcbnew 5.0.2+dfsg1-1)

  (general
    (thickness 1.6)
    (drawings 121)
    (tracks 855)
    (zones 0)
    (modules 84)
    (nets 95)
  )

  (page A4)
  (layers
    (0 F.Cu signal)
    (1 In1.Cu signal hide)
    (2 In2.Cu signal hide)
    (31 B.Cu signal)
    (32 B.Adhes user)
    (33 F.Adhes user)
    (34 B.Paste user)
    (35 F.Paste user)
    (36 B.SilkS user)
    (37 F.SilkS user)
    (38 B.Mask user)
    (39 F.Mask user)
    (40 Dwgs.User user)
    (41 Cmts.User user)
    (42 Eco1.User user)
    (43 Eco2.User user)
    (44 Edge.Cuts user)
    (45 Margin user)
    (46 B.CrtYd user)
    (47 F.CrtYd user)
    (48 B.Fab user hide)
    (49 F.Fab user hide)
  )

  (setup
    (last_trace_width 0.25)
    (trace_clearance 0.2)
    (zone_clearance 0.15)
    (zone_45_only no)
    (trace_min 0.2)
    (segment_width 0.2)
    (edge_width 0.1)
    (via_size 0.8)
    (via_drill 0.4)
    (via_min_size 0.4)
    (via_min_drill 0.3)
    (uvia_size 0.3)
    (uvia_drill 0.1)
    (uvias_allowed no)
    (uvia_min_size 0.2)
    (uvia_min_drill 0.1)
    (pcb_text_width 0.3)
    (pcb_text_size 1.5 1.5)
    (mod_edge_width 0.15)
    (mod_text_size 1 1)
    (mod_text_width 0.15)
    (pad_size 1.524 1.524)
    (pad_drill 0.762)
    (pad_to_mask_clearance 0.051)
    (solder_mask_min_width 0.25)
    (aux_axis_origin 0 0)
    (visible_elements FFFFFF7F)
    (pcbplotparams
      (layerselection 0x014fc_fffffff9)
      (usegerberextensions false)
      (usegerberattributes false)
      (usegerberadvancedattributes false)
      (creategerberjobfile false)
      (excludeedgelayer true)
      (linewidth 0.100000)
      (plotframeref false)
      (viasonmask false)
      (mode 1)
      (useauxorigin false)
      (hpglpennumber 1)
      (hpglpenspeed 20)
      (hpglpendiameter 15.000000)
      (psnegative false)
      (psa4output false)
      (plotreference true)
      (plotvalue true)
      (plotinvisibletext false)
      (padsonsilk false)
      (subtractmaskfromsilk false)
      (outputformat 1)
      (mirror false)
      (drillshape 0)
      (scaleselection 1)
      (outputdirectory "gerbers/"))
  )

  (net 0 "")
  (net 1 VCC)
  (net 2 "Net-(D17-Pad2)")
  (net 3 "Net-(D17-Pad3)")
  (net 4 GND)
  (net 5 "Net-(D1-Pad3)")
  (net 6 "Net-(D1-Pad2)")
  (net 7 "Net-(D23-Pad2)")
  (net 8 "Net-(D23-Pad3)")
  (net 9 "Net-(D22-Pad3)")
  (net 10 "Net-(D22-Pad2)")
  (net 11 "Net-(D21-Pad2)")
  (net 12 "Net-(D21-Pad3)")
  (net 13 "Net-(D19-Pad2)")
  (net 14 "Net-(D19-Pad3)")
  (net 15 "Net-(D18-Pad3)")
  (net 16 "Net-(D18-Pad2)")
  (net 17 "Net-(D14-Pad2)")
  (net 18 "Net-(D14-Pad3)")
  (net 19 "Net-(D13-Pad3)")
  (net 20 "Net-(D13-Pad2)")
  (net 21 "Net-(D12-Pad2)")
  (net 22 "Net-(D12-Pad3)")
  (net 23 "Net-(D11-Pad3)")
  (net 24 "Net-(D11-Pad2)")
  (net 25 /led8_3/CKI)
  (net 26 /led8_3/SDI)
  (net 27 "Net-(D10-Pad4)")
  (net 28 "Net-(D10-Pad5)")
  (net 29 "Net-(D7-Pad3)")
  (net 30 "Net-(D7-Pad2)")
  (net 31 "Net-(D6-Pad2)")
  (net 32 "Net-(D6-Pad3)")
  (net 33 /led8_2/SDI)
  (net 34 /led8_2/CKI)
  (net 35 "Net-(D4-Pad2)")
  (net 36 "Net-(D4-Pad3)")
  (net 37 "Net-(D3-Pad3)")
  (net 38 "Net-(D3-Pad2)")
  (net 39 "Net-(D2-Pad2)")
  (net 40 "Net-(D2-Pad3)")
  (net 41 "Net-(J1-Pad6)")
  (net 42 "Net-(D15-Pad3)")
  (net 43 "Net-(D15-Pad2)")
  (net 44 "Net-(D20-Pad3)")
  (net 45 "Net-(D20-Pad2)")
  (net 46 "Net-(D10-Pad2)")
  (net 47 "Net-(D10-Pad3)")
  (net 48 "Net-(D5-Pad3)")
  (net 49 "Net-(D5-Pad2)")
  (net 50 /led8_3/SDO)
  (net 51 /led8_3/CKO)
  (net 52 "Net-(R3-Pad1)")
  (net 53 /PWR_ON)
  (net 54 /STAT)
  (net 55 "Net-(D25-Pad2)")
  (net 56 "Net-(R1-Pad1)")
  (net 57 /LED_ON)
  (net 58 +BATT)
  (net 59 "Net-(C33-Pad2)")
  (net 60 +3V0)
  (net 61 VBUS)
  (net 62 "Net-(U1-Pad1)")
  (net 63 "Net-(U1-Pad2)")
  (net 64 "Net-(U1-Pad3)")
  (net 65 "Net-(U1-Pad4)")
  (net 66 "Net-(U1-Pad5)")
  (net 67 VDDA)
  (net 68 "Net-(U1-Pad13)")
  (net 69 "Net-(U1-Pad14)")
  (net 70 "Net-(U1-Pad15)")
  (net 71 "Net-(U1-Pad16)")
  (net 72 "Net-(U1-Pad17)")
  (net 73 "Net-(U1-Pad18)")
  (net 74 "Net-(U1-Pad19)")
  (net 75 "Net-(U1-Pad20)")
  (net 76 "Net-(U1-Pad25)")
  (net 77 VS)
  (net 78 "Net-(U1-Pad29)")
  (net 79 /D-)
  (net 80 /D+)
  (net 81 "Net-(J2-Pad4)")
  (net 82 /SWDIO)
  (net 83 /nRESET)
  (net 84 /SWCLK)
  (net 85 /MOSI)
  (net 86 /SCK)
  (net 87 "Net-(U5-Pad6)")
  (net 88 "Net-(U5-Pad7)")
  (net 89 "Net-(C36-Pad1)")
  (net 90 "Net-(C37-Pad1)")
  (net 91 /MPU_SCL)
  (net 92 /MPU_SDA)
  (net 93 "Net-(U5-Pad12)")
  (net 94 /BAT_SENSE)

  (net_class Default "This is the default net class."
    (clearance 0.2)
    (trace_width 0.25)
    (via_dia 0.8)
    (via_drill 0.4)
    (uvia_dia 0.3)
    (uvia_drill 0.1)
    (add_net +3V0)
    (add_net +BATT)
    (add_net /BAT_SENSE)
    (add_net /D+)
    (add_net /D-)
    (add_net /LED_ON)
    (add_net /MOSI)
    (add_net /MPU_SCL)
    (add_net /MPU_SDA)
    (add_net /PWR_ON)
    (add_net /SCK)
    (add_net /STAT)
    (add_net /SWCLK)
    (add_net /SWDIO)
    (add_net /led8_2/CKI)
    (add_net /led8_2/SDI)
    (add_net /led8_3/CKI)
    (add_net /led8_3/CKO)
    (add_net /led8_3/SDI)
    (add_net /led8_3/SDO)
    (add_net /nRESET)
    (add_net GND)
    (add_net "Net-(C33-Pad2)")
    (add_net "Net-(C36-Pad1)")
    (add_net "Net-(C37-Pad1)")
    (add_net "Net-(D1-Pad2)")
    (add_net "Net-(D1-Pad3)")
    (add_net "Net-(D10-Pad2)")
    (add_net "Net-(D10-Pad3)")
    (add_net "Net-(D10-Pad4)")
    (add_net "Net-(D10-Pad5)")
    (add_net "Net-(D11-Pad2)")
    (add_net "Net-(D11-Pad3)")
    (add_net "Net-(D12-Pad2)")
    (add_net "Net-(D12-Pad3)")
    (add_net "Net-(D13-Pad2)")
    (add_net "Net-(D13-Pad3)")
    (add_net "Net-(D14-Pad2)")
    (add_net "Net-(D14-Pad3)")
    (add_net "Net-(D15-Pad2)")
    (add_net "Net-(D15-Pad3)")
    (add_net "Net-(D17-Pad2)")
    (add_net "Net-(D17-Pad3)")
    (add_net "Net-(D18-Pad2)")
    (add_net "Net-(D18-Pad3)")
    (add_net "Net-(D19-Pad2)")
    (add_net "Net-(D19-Pad3)")
    (add_net "Net-(D2-Pad2)")
    (add_net "Net-(D2-Pad3)")
    (add_net "Net-(D20-Pad2)")
    (add_net "Net-(D20-Pad3)")
    (add_net "Net-(D21-Pad2)")
    (add_net "Net-(D21-Pad3)")
    (add_net "Net-(D22-Pad2)")
    (add_net "Net-(D22-Pad3)")
    (add_net "Net-(D23-Pad2)")
    (add_net "Net-(D23-Pad3)")
    (add_net "Net-(D25-Pad2)")
    (add_net "Net-(D3-Pad2)")
    (add_net "Net-(D3-Pad3)")
    (add_net "Net-(D4-Pad2)")
    (add_net "Net-(D4-Pad3)")
    (add_net "Net-(D5-Pad2)")
    (add_net "Net-(D5-Pad3)")
    (add_net "Net-(D6-Pad2)")
    (add_net "Net-(D6-Pad3)")
    (add_net "Net-(D7-Pad2)")
    (add_net "Net-(D7-Pad3)")
    (add_net "Net-(J1-Pad6)")
    (add_net "Net-(J2-Pad4)")
    (add_net "Net-(R1-Pad1)")
    (add_net "Net-(R3-Pad1)")
    (add_net "Net-(U1-Pad1)")
    (add_net "Net-(U1-Pad13)")
    (add_net "Net-(U1-Pad14)")
    (add_net "Net-(U1-Pad15)")
    (add_net "Net-(U1-Pad16)")
    (add_net "Net-(U1-Pad17)")
    (add_net "Net-(U1-Pad18)")
    (add_net "Net-(U1-Pad19)")
    (add_net "Net-(U1-Pad2)")
    (add_net "Net-(U1-Pad20)")
    (add_net "Net-(U1-Pad25)")
    (add_net "Net-(U1-Pad29)")
    (add_net "Net-(U1-Pad3)")
    (add_net "Net-(U1-Pad4)")
    (add_net "Net-(U1-Pad5)")
    (add_net "Net-(U5-Pad12)")
    (add_net "Net-(U5-Pad6)")
    (add_net "Net-(U5-Pad7)")
    (add_net VBUS)
    (add_net VCC)
    (add_net VDDA)
    (add_net VS)
  )

  (module MountingHole:Mousebite_0.4_0.6 (layer F.Cu) (tedit 5CA7B735) (tstamp 5CB6C933)
    (at 235.25 68 90)
    (path /5CC63140)
    (fp_text reference H1 (at 0 0.5 90) (layer F.SilkS) hide
      (effects (font (size 1 1) (thickness 0.15)))
    )
    (fp_text value MountingHole (at 0 -0.5 90) (layer F.Fab) hide
      (effects (font (size 1 1) (thickness 0.15)))
    )
    (pad "" np_thru_hole circle (at 0 0 90) (size 0.4 0.4) (drill 0.4) (layers *.Cu *.Mask))
    (pad "" np_thru_hole circle (at 0.6 0 90) (size 0.4 0.4) (drill 0.4) (layers *.Cu *.Mask))
    (pad "" np_thru_hole circle (at -0.6 0 90) (size 0.4 0.4) (drill 0.4) (layers *.Cu *.Mask))
  )

  (module MountingHole:Mousebite_0.4_0.6 (layer F.Cu) (tedit 5CA7B735) (tstamp 5CB6C92C)
    (at 235.25 82 90)
    (path /5CC633E9)
    (fp_text reference H2 (at 0 0.5 90) (layer F.SilkS) hide
      (effects (font (size 1 1) (thickness 0.15)))
    )
    (fp_text value MountingHole (at 0 -0.5 90) (layer F.Fab) hide
      (effects (font (size 1 1) (thickness 0.15)))
    )
    (pad "" np_thru_hole circle (at -0.6 0 90) (size 0.4 0.4) (drill 0.4) (layers *.Cu *.Mask))
    (pad "" np_thru_hole circle (at 0.6 0 90) (size 0.4 0.4) (drill 0.4) (layers *.Cu *.Mask))
    (pad "" np_thru_hole circle (at 0 0 90) (size 0.4 0.4) (drill 0.4) (layers *.Cu *.Mask))
  )

  (module MountingHole:Mousebite_0.4_0.6 (layer F.Cu) (tedit 5CA7B735) (tstamp 5CB6C925)
    (at 235.25 54 90)
    (path /5CC63447)
    (fp_text reference H3 (at 0 0.5 90) (layer F.SilkS) hide
      (effects (font (size 1 1) (thickness 0.15)))
    )
    (fp_text value MountingHole (at 0 -0.5 90) (layer F.Fab) hide
      (effects (font (size 1 1) (thickness 0.15)))
    )
    (pad "" np_thru_hole circle (at 0 0 90) (size 0.4 0.4) (drill 0.4) (layers *.Cu *.Mask))
    (pad "" np_thru_hole circle (at 0.6 0 90) (size 0.4 0.4) (drill 0.4) (layers *.Cu *.Mask))
    (pad "" np_thru_hole circle (at -0.6 0 90) (size 0.4 0.4) (drill 0.4) (layers *.Cu *.Mask))
  )

  (module Button_Switch_SMD:SW_Push_SPST_NO_Alps_SKRK (layer F.Cu) (tedit 5C2A8900) (tstamp 5CB5BE28)
    (at 116.75 69.25 180)
    (descr http://www.alps.com/prod/info/E/HTML/Tact/SurfaceMount/SKRK/SKRKAHE020.html)
    (tags "SMD SMT button")
    (path /5CA6AA0F)
    (attr smd)
    (fp_text reference SW1 (at 1.25 2.5 180) (layer F.SilkS)
      (effects (font (size 1 1) (thickness 0.15)))
    )
    (fp_text value SW_Push (at 0 2.5 180) (layer F.Fab)
      (effects (font (size 1 1) (thickness 0.15)))
    )
    (fp_line (start -2.07 -1.57) (end 2.07 -1.57) (layer F.SilkS) (width 0.12))
    (fp_line (start 2.07 1.27) (end 2.07 1.57) (layer F.SilkS) (width 0.12))
    (fp_line (start 2.07 1.57) (end -2.07 1.57) (layer F.SilkS) (width 0.12))
    (fp_line (start -2.07 -1.27) (end -2.07 -1.57) (layer F.SilkS) (width 0.12))
    (fp_circle (center 0 0) (end 1 0) (layer F.Fab) (width 0.1))
    (fp_text user %R (at 0 0 180) (layer F.Fab)
      (effects (font (size 1 1) (thickness 0.15)))
    )
    (fp_line (start -2.75 -1.7) (end 2.75 -1.7) (layer F.CrtYd) (width 0.05))
    (fp_line (start 2.75 -1.7) (end 2.75 1.7) (layer F.CrtYd) (width 0.05))
    (fp_line (start 2.75 1.7) (end -2.75 1.7) (layer F.CrtYd) (width 0.05))
    (fp_line (start -2.75 1.7) (end -2.75 -1.7) (layer F.CrtYd) (width 0.05))
    (fp_line (start 1.95 1.45) (end -1.95 1.45) (layer F.Fab) (width 0.1))
    (fp_line (start -1.95 1.45) (end -1.95 -1.45) (layer F.Fab) (width 0.1))
    (fp_line (start -1.95 -1.45) (end 1.95 -1.45) (layer F.Fab) (width 0.1))
    (fp_line (start 1.95 -1.45) (end 1.95 1.45) (layer F.Fab) (width 0.1))
    (fp_line (start -2.07 1.57) (end -2.07 1.27) (layer F.SilkS) (width 0.12))
    (fp_line (start 2.07 -1.57) (end 2.07 -1.27) (layer F.SilkS) (width 0.12))
    (pad 2 smd roundrect (at 2.1 0 180) (size 0.8 2) (layers F.Cu F.Paste F.Mask) (roundrect_rratio 0.25)
      (net 58 +BATT))
    (pad 1 smd roundrect (at -2.1 0 180) (size 0.8 2) (layers F.Cu F.Paste F.Mask) (roundrect_rratio 0.25)
      (net 52 "Net-(R3-Pad1)"))
    (model ${KISYS3DMOD}/Button_Switch_SMD.3dshapes/SW_Push_SPST_NO_Alps_SKRK.wrl
      (at (xyz 0 0 0))
      (scale (xyz 1 1 1))
      (rotate (xyz 0 0 0))
    )
  )

  (module Resistor_SMD:R_0603_1608Metric (layer F.Cu) (tedit 5B301BBD) (tstamp 5CB55461)
    (at 119.75 83.75 180)
    (descr "Resistor SMD 0603 (1608 Metric), square (rectangular) end terminal, IPC_7351 nominal, (Body size source: http://www.tortai-tech.com/upload/download/2011102023233369053.pdf), generated with kicad-footprint-generator")
    (tags resistor)
    (path /5CBEB7C0)
    (attr smd)
    (fp_text reference R8 (at -2.25 -1.5 180) (layer F.SilkS)
      (effects (font (size 1 1) (thickness 0.15)))
    )
    (fp_text value 100k (at 0 1.43 180) (layer F.Fab)
      (effects (font (size 1 1) (thickness 0.15)))
    )
    (fp_text user %R (at 0 0 180) (layer F.Fab)
      (effects (font (size 0.4 0.4) (thickness 0.06)))
    )
    (fp_line (start 1.48 0.73) (end -1.48 0.73) (layer F.CrtYd) (width 0.05))
    (fp_line (start 1.48 -0.73) (end 1.48 0.73) (layer F.CrtYd) (width 0.05))
    (fp_line (start -1.48 -0.73) (end 1.48 -0.73) (layer F.CrtYd) (width 0.05))
    (fp_line (start -1.48 0.73) (end -1.48 -0.73) (layer F.CrtYd) (width 0.05))
    (fp_line (start -0.162779 0.51) (end 0.162779 0.51) (layer F.SilkS) (width 0.12))
    (fp_line (start -0.162779 -0.51) (end 0.162779 -0.51) (layer F.SilkS) (width 0.12))
    (fp_line (start 0.8 0.4) (end -0.8 0.4) (layer F.Fab) (width 0.1))
    (fp_line (start 0.8 -0.4) (end 0.8 0.4) (layer F.Fab) (width 0.1))
    (fp_line (start -0.8 -0.4) (end 0.8 -0.4) (layer F.Fab) (width 0.1))
    (fp_line (start -0.8 0.4) (end -0.8 -0.4) (layer F.Fab) (width 0.1))
    (pad 2 smd roundrect (at 0.7875 0 180) (size 0.875 0.95) (layers F.Cu F.Paste F.Mask) (roundrect_rratio 0.25)
      (net 4 GND))
    (pad 1 smd roundrect (at -0.7875 0 180) (size 0.875 0.95) (layers F.Cu F.Paste F.Mask) (roundrect_rratio 0.25)
      (net 94 /BAT_SENSE))
    (model ${KISYS3DMOD}/Resistor_SMD.3dshapes/R_0603_1608Metric.wrl
      (at (xyz 0 0 0))
      (scale (xyz 1 1 1))
      (rotate (xyz 0 0 0))
    )
  )

  (module Resistor_SMD:R_0603_1608Metric (layer F.Cu) (tedit 5B301BBD) (tstamp 5CB55450)
    (at 119.75 85.25)
    (descr "Resistor SMD 0603 (1608 Metric), square (rectangular) end terminal, IPC_7351 nominal, (Body size source: http://www.tortai-tech.com/upload/download/2011102023233369053.pdf), generated with kicad-footprint-generator")
    (tags resistor)
    (path /5CBE64C9)
    (attr smd)
    (fp_text reference R7 (at 2.25 -1.5) (layer F.SilkS)
      (effects (font (size 1 1) (thickness 0.15)))
    )
    (fp_text value 200k (at 0 1.43) (layer F.Fab)
      (effects (font (size 1 1) (thickness 0.15)))
    )
    (fp_line (start -0.8 0.4) (end -0.8 -0.4) (layer F.Fab) (width 0.1))
    (fp_line (start -0.8 -0.4) (end 0.8 -0.4) (layer F.Fab) (width 0.1))
    (fp_line (start 0.8 -0.4) (end 0.8 0.4) (layer F.Fab) (width 0.1))
    (fp_line (start 0.8 0.4) (end -0.8 0.4) (layer F.Fab) (width 0.1))
    (fp_line (start -0.162779 -0.51) (end 0.162779 -0.51) (layer F.SilkS) (width 0.12))
    (fp_line (start -0.162779 0.51) (end 0.162779 0.51) (layer F.SilkS) (width 0.12))
    (fp_line (start -1.48 0.73) (end -1.48 -0.73) (layer F.CrtYd) (width 0.05))
    (fp_line (start -1.48 -0.73) (end 1.48 -0.73) (layer F.CrtYd) (width 0.05))
    (fp_line (start 1.48 -0.73) (end 1.48 0.73) (layer F.CrtYd) (width 0.05))
    (fp_line (start 1.48 0.73) (end -1.48 0.73) (layer F.CrtYd) (width 0.05))
    (fp_text user %R (at 0 0) (layer F.Fab)
      (effects (font (size 0.4 0.4) (thickness 0.06)))
    )
    (pad 1 smd roundrect (at -0.7875 0) (size 0.875 0.95) (layers F.Cu F.Paste F.Mask) (roundrect_rratio 0.25)
      (net 58 +BATT))
    (pad 2 smd roundrect (at 0.7875 0) (size 0.875 0.95) (layers F.Cu F.Paste F.Mask) (roundrect_rratio 0.25)
      (net 94 /BAT_SENSE))
    (model ${KISYS3DMOD}/Resistor_SMD.3dshapes/R_0603_1608Metric.wrl
      (at (xyz 0 0 0))
      (scale (xyz 1 1 1))
      (rotate (xyz 0 0 0))
    )
  )

  (module Capacitor_SMD:C_0603_1608Metric (layer F.Cu) (tedit 5B301BBE) (tstamp 5CB4481D)
    (at 124.75 73.5 90)
    (descr "Capacitor SMD 0603 (1608 Metric), square (rectangular) end terminal, IPC_7351 nominal, (Body size source: http://www.tortai-tech.com/upload/download/2011102023233369053.pdf), generated with kicad-footprint-generator")
    (tags capacitor)
    (path /5CB9299B)
    (attr smd)
    (fp_text reference C37 (at 2.75 0 90) (layer F.SilkS)
      (effects (font (size 1 1) (thickness 0.15)))
    )
    (fp_text value 2n2 (at 0 1.43 90) (layer F.Fab)
      (effects (font (size 1 1) (thickness 0.15)))
    )
    (fp_line (start -0.8 0.4) (end -0.8 -0.4) (layer F.Fab) (width 0.1))
    (fp_line (start -0.8 -0.4) (end 0.8 -0.4) (layer F.Fab) (width 0.1))
    (fp_line (start 0.8 -0.4) (end 0.8 0.4) (layer F.Fab) (width 0.1))
    (fp_line (start 0.8 0.4) (end -0.8 0.4) (layer F.Fab) (width 0.1))
    (fp_line (start -0.162779 -0.51) (end 0.162779 -0.51) (layer F.SilkS) (width 0.12))
    (fp_line (start -0.162779 0.51) (end 0.162779 0.51) (layer F.SilkS) (width 0.12))
    (fp_line (start -1.48 0.73) (end -1.48 -0.73) (layer F.CrtYd) (width 0.05))
    (fp_line (start -1.48 -0.73) (end 1.48 -0.73) (layer F.CrtYd) (width 0.05))
    (fp_line (start 1.48 -0.73) (end 1.48 0.73) (layer F.CrtYd) (width 0.05))
    (fp_line (start 1.48 0.73) (end -1.48 0.73) (layer F.CrtYd) (width 0.05))
    (fp_text user %R (at 0 0 90) (layer F.Fab)
      (effects (font (size 0.4 0.4) (thickness 0.06)))
    )
    (pad 1 smd roundrect (at -0.7875 0 90) (size 0.875 0.95) (layers F.Cu F.Paste F.Mask) (roundrect_rratio 0.25)
      (net 90 "Net-(C37-Pad1)"))
    (pad 2 smd roundrect (at 0.7875 0 90) (size 0.875 0.95) (layers F.Cu F.Paste F.Mask) (roundrect_rratio 0.25)
      (net 4 GND))
    (model ${KISYS3DMOD}/Capacitor_SMD.3dshapes/C_0603_1608Metric.wrl
      (at (xyz 0 0 0))
      (scale (xyz 1 1 1))
      (rotate (xyz 0 0 0))
    )
  )

  (module Capacitor_SMD:C_0603_1608Metric (layer F.Cu) (tedit 5B301BBE) (tstamp 5CB4460C)
    (at 132.25 79.25 270)
    (descr "Capacitor SMD 0603 (1608 Metric), square (rectangular) end terminal, IPC_7351 nominal, (Body size source: http://www.tortai-tech.com/upload/download/2011102023233369053.pdf), generated with kicad-footprint-generator")
    (tags capacitor)
    (path /5CB390B8)
    (attr smd)
    (fp_text reference C38 (at 0 -1.43 270) (layer F.SilkS)
      (effects (font (size 1 1) (thickness 0.15)))
    )
    (fp_text value 100n (at 0 1.43 270) (layer F.Fab)
      (effects (font (size 1 1) (thickness 0.15)))
    )
    (fp_text user %R (at 0 0 270) (layer F.Fab)
      (effects (font (size 0.4 0.4) (thickness 0.06)))
    )
    (fp_line (start 1.48 0.73) (end -1.48 0.73) (layer F.CrtYd) (width 0.05))
    (fp_line (start 1.48 -0.73) (end 1.48 0.73) (layer F.CrtYd) (width 0.05))
    (fp_line (start -1.48 -0.73) (end 1.48 -0.73) (layer F.CrtYd) (width 0.05))
    (fp_line (start -1.48 0.73) (end -1.48 -0.73) (layer F.CrtYd) (width 0.05))
    (fp_line (start -0.162779 0.51) (end 0.162779 0.51) (layer F.SilkS) (width 0.12))
    (fp_line (start -0.162779 -0.51) (end 0.162779 -0.51) (layer F.SilkS) (width 0.12))
    (fp_line (start 0.8 0.4) (end -0.8 0.4) (layer F.Fab) (width 0.1))
    (fp_line (start 0.8 -0.4) (end 0.8 0.4) (layer F.Fab) (width 0.1))
    (fp_line (start -0.8 -0.4) (end 0.8 -0.4) (layer F.Fab) (width 0.1))
    (fp_line (start -0.8 0.4) (end -0.8 -0.4) (layer F.Fab) (width 0.1))
    (pad 2 smd roundrect (at 0.7875 0 270) (size 0.875 0.95) (layers F.Cu F.Paste F.Mask) (roundrect_rratio 0.25)
      (net 4 GND))
    (pad 1 smd roundrect (at -0.7875 0 270) (size 0.875 0.95) (layers F.Cu F.Paste F.Mask) (roundrect_rratio 0.25)
      (net 60 +3V0))
    (model ${KISYS3DMOD}/Capacitor_SMD.3dshapes/C_0603_1608Metric.wrl
      (at (xyz 0 0 0))
      (scale (xyz 1 1 1))
      (rotate (xyz 0 0 0))
    )
  )

  (module Capacitor_SMD:C_0603_1608Metric (layer F.Cu) (tedit 5B301BBE) (tstamp 5CB4449B)
    (at 132.25 75.5 270)
    (descr "Capacitor SMD 0603 (1608 Metric), square (rectangular) end terminal, IPC_7351 nominal, (Body size source: http://www.tortai-tech.com/upload/download/2011102023233369053.pdf), generated with kicad-footprint-generator")
    (tags capacitor)
    (path /5CB96C72)
    (attr smd)
    (fp_text reference C36 (at 0 -1.43 270) (layer F.SilkS)
      (effects (font (size 1 1) (thickness 0.15)))
    )
    (fp_text value 100n (at 0 1.43 270) (layer F.Fab)
      (effects (font (size 1 1) (thickness 0.15)))
    )
    (fp_line (start -0.8 0.4) (end -0.8 -0.4) (layer F.Fab) (width 0.1))
    (fp_line (start -0.8 -0.4) (end 0.8 -0.4) (layer F.Fab) (width 0.1))
    (fp_line (start 0.8 -0.4) (end 0.8 0.4) (layer F.Fab) (width 0.1))
    (fp_line (start 0.8 0.4) (end -0.8 0.4) (layer F.Fab) (width 0.1))
    (fp_line (start -0.162779 -0.51) (end 0.162779 -0.51) (layer F.SilkS) (width 0.12))
    (fp_line (start -0.162779 0.51) (end 0.162779 0.51) (layer F.SilkS) (width 0.12))
    (fp_line (start -1.48 0.73) (end -1.48 -0.73) (layer F.CrtYd) (width 0.05))
    (fp_line (start -1.48 -0.73) (end 1.48 -0.73) (layer F.CrtYd) (width 0.05))
    (fp_line (start 1.48 -0.73) (end 1.48 0.73) (layer F.CrtYd) (width 0.05))
    (fp_line (start 1.48 0.73) (end -1.48 0.73) (layer F.CrtYd) (width 0.05))
    (fp_text user %R (at 0 0 270) (layer F.Fab)
      (effects (font (size 0.4 0.4) (thickness 0.06)))
    )
    (pad 1 smd roundrect (at -0.7875 0 270) (size 0.875 0.95) (layers F.Cu F.Paste F.Mask) (roundrect_rratio 0.25)
      (net 89 "Net-(C36-Pad1)"))
    (pad 2 smd roundrect (at 0.7875 0 270) (size 0.875 0.95) (layers F.Cu F.Paste F.Mask) (roundrect_rratio 0.25)
      (net 4 GND))
    (model ${KISYS3DMOD}/Capacitor_SMD.3dshapes/C_0603_1608Metric.wrl
      (at (xyz 0 0 0))
      (scale (xyz 1 1 1))
      (rotate (xyz 0 0 0))
    )
  )

  (module Resistor_SMD:R_0603_1608Metric (layer F.Cu) (tedit 5B301BBD) (tstamp 5CB43B9A)
    (at 121.75 73.5 270)
    (descr "Resistor SMD 0603 (1608 Metric), square (rectangular) end terminal, IPC_7351 nominal, (Body size source: http://www.tortai-tech.com/upload/download/2011102023233369053.pdf), generated with kicad-footprint-generator")
    (tags resistor)
    (path /5CB4F8D5)
    (attr smd)
    (fp_text reference R5 (at -2.5 0 270) (layer F.SilkS)
      (effects (font (size 1 1) (thickness 0.15)))
    )
    (fp_text value 10k (at 0 1.43 270) (layer F.Fab)
      (effects (font (size 1 1) (thickness 0.15)))
    )
    (fp_text user %R (at 0 0 270) (layer F.Fab)
      (effects (font (size 0.4 0.4) (thickness 0.06)))
    )
    (fp_line (start 1.48 0.73) (end -1.48 0.73) (layer F.CrtYd) (width 0.05))
    (fp_line (start 1.48 -0.73) (end 1.48 0.73) (layer F.CrtYd) (width 0.05))
    (fp_line (start -1.48 -0.73) (end 1.48 -0.73) (layer F.CrtYd) (width 0.05))
    (fp_line (start -1.48 0.73) (end -1.48 -0.73) (layer F.CrtYd) (width 0.05))
    (fp_line (start -0.162779 0.51) (end 0.162779 0.51) (layer F.SilkS) (width 0.12))
    (fp_line (start -0.162779 -0.51) (end 0.162779 -0.51) (layer F.SilkS) (width 0.12))
    (fp_line (start 0.8 0.4) (end -0.8 0.4) (layer F.Fab) (width 0.1))
    (fp_line (start 0.8 -0.4) (end 0.8 0.4) (layer F.Fab) (width 0.1))
    (fp_line (start -0.8 -0.4) (end 0.8 -0.4) (layer F.Fab) (width 0.1))
    (fp_line (start -0.8 0.4) (end -0.8 -0.4) (layer F.Fab) (width 0.1))
    (pad 2 smd roundrect (at 0.7875 0 270) (size 0.875 0.95) (layers F.Cu F.Paste F.Mask) (roundrect_rratio 0.25)
      (net 92 /MPU_SDA))
    (pad 1 smd roundrect (at -0.7875 0 270) (size 0.875 0.95) (layers F.Cu F.Paste F.Mask) (roundrect_rratio 0.25)
      (net 60 +3V0))
    (model ${KISYS3DMOD}/Resistor_SMD.3dshapes/R_0603_1608Metric.wrl
      (at (xyz 0 0 0))
      (scale (xyz 1 1 1))
      (rotate (xyz 0 0 0))
    )
  )

  (module Resistor_SMD:R_0603_1608Metric (layer F.Cu) (tedit 5B301BBD) (tstamp 5CB43B89)
    (at 123.25 73.5 270)
    (descr "Resistor SMD 0603 (1608 Metric), square (rectangular) end terminal, IPC_7351 nominal, (Body size source: http://www.tortai-tech.com/upload/download/2011102023233369053.pdf), generated with kicad-footprint-generator")
    (tags resistor)
    (path /5CB4C384)
    (attr smd)
    (fp_text reference R6 (at -2.5 0 270) (layer F.SilkS)
      (effects (font (size 1 1) (thickness 0.15)))
    )
    (fp_text value 10k (at 0 1.43 270) (layer F.Fab)
      (effects (font (size 1 1) (thickness 0.15)))
    )
    (fp_line (start -0.8 0.4) (end -0.8 -0.4) (layer F.Fab) (width 0.1))
    (fp_line (start -0.8 -0.4) (end 0.8 -0.4) (layer F.Fab) (width 0.1))
    (fp_line (start 0.8 -0.4) (end 0.8 0.4) (layer F.Fab) (width 0.1))
    (fp_line (start 0.8 0.4) (end -0.8 0.4) (layer F.Fab) (width 0.1))
    (fp_line (start -0.162779 -0.51) (end 0.162779 -0.51) (layer F.SilkS) (width 0.12))
    (fp_line (start -0.162779 0.51) (end 0.162779 0.51) (layer F.SilkS) (width 0.12))
    (fp_line (start -1.48 0.73) (end -1.48 -0.73) (layer F.CrtYd) (width 0.05))
    (fp_line (start -1.48 -0.73) (end 1.48 -0.73) (layer F.CrtYd) (width 0.05))
    (fp_line (start 1.48 -0.73) (end 1.48 0.73) (layer F.CrtYd) (width 0.05))
    (fp_line (start 1.48 0.73) (end -1.48 0.73) (layer F.CrtYd) (width 0.05))
    (fp_text user %R (at 0 0 270) (layer F.Fab)
      (effects (font (size 0.4 0.4) (thickness 0.06)))
    )
    (pad 1 smd roundrect (at -0.7875 0 270) (size 0.875 0.95) (layers F.Cu F.Paste F.Mask) (roundrect_rratio 0.25)
      (net 60 +3V0))
    (pad 2 smd roundrect (at 0.7875 0 270) (size 0.875 0.95) (layers F.Cu F.Paste F.Mask) (roundrect_rratio 0.25)
      (net 91 /MPU_SCL))
    (model ${KISYS3DMOD}/Resistor_SMD.3dshapes/R_0603_1608Metric.wrl
      (at (xyz 0 0 0))
      (scale (xyz 1 1 1))
      (rotate (xyz 0 0 0))
    )
  )

  (module Sensor_Motion:InvenSense_QFN-24_4x4mm_P0.5mm (layer F.Cu) (tedit 5B5A6D8E) (tstamp 5CB46F02)
    (at 128.5 75 90)
    (descr "24-Lead Plastic QFN (4mm x 4mm); Pitch 0.5mm; EP 2.7x2.6mm; for InvenSense motion sensors; keepout area marked (Package see: https://store.invensense.com/datasheets/invensense/MPU-6050_DataSheet_V3%204.pdf; See also https://www.invensense.com/wp-content/uploads/2015/02/InvenSense-MEMS-Handling.pdf)")
    (tags "QFN 0.5")
    (path /5CB2FEE6)
    (attr smd)
    (fp_text reference U5 (at -1 -3.375 90) (layer F.SilkS)
      (effects (font (size 1 1) (thickness 0.15)))
    )
    (fp_text value MPU-6050 (at 0 3.375 90) (layer F.Fab)
      (effects (font (size 1 1) (thickness 0.15)))
    )
    (fp_text user %R (at 0 0 90) (layer F.Fab)
      (effects (font (size 1 1) (thickness 0.15)))
    )
    (fp_line (start -1 -2) (end 2 -2) (layer F.Fab) (width 0.15))
    (fp_line (start 2 -2) (end 2 2) (layer F.Fab) (width 0.15))
    (fp_line (start 2 2) (end -2 2) (layer F.Fab) (width 0.15))
    (fp_line (start -2 2) (end -2 -1) (layer F.Fab) (width 0.15))
    (fp_line (start -2 -1) (end -1 -2) (layer F.Fab) (width 0.15))
    (fp_line (start -2.65 -2.65) (end -2.65 2.65) (layer F.CrtYd) (width 0.05))
    (fp_line (start 2.65 -2.65) (end 2.65 2.65) (layer F.CrtYd) (width 0.05))
    (fp_line (start -2.65 -2.65) (end 2.65 -2.65) (layer F.CrtYd) (width 0.05))
    (fp_line (start -2.65 2.65) (end 2.65 2.65) (layer F.CrtYd) (width 0.05))
    (fp_line (start 2.15 -2.15) (end 2.15 -1.625) (layer F.SilkS) (width 0.15))
    (fp_line (start -2.15 2.15) (end -2.15 1.625) (layer F.SilkS) (width 0.15))
    (fp_line (start 2.15 2.15) (end 2.15 1.625) (layer F.SilkS) (width 0.15))
    (fp_line (start -2.15 -2.15) (end -1.625 -2.15) (layer F.SilkS) (width 0.15))
    (fp_line (start -2.15 2.15) (end -1.625 2.15) (layer F.SilkS) (width 0.15))
    (fp_line (start 2.15 2.15) (end 1.625 2.15) (layer F.SilkS) (width 0.15))
    (fp_line (start 2.15 -2.15) (end 1.625 -2.15) (layer F.SilkS) (width 0.15))
    (fp_line (start 1.375 1.325) (end 1.375 -1.325) (layer Dwgs.User) (width 0.05))
    (fp_line (start -1.375 1.325) (end -1.375 -1.325) (layer Dwgs.User) (width 0.05))
    (fp_line (start 1.375 -1.325) (end -1.375 -1.325) (layer Dwgs.User) (width 0.05))
    (fp_line (start 1.375 1.325) (end -1.375 1.325) (layer Dwgs.User) (width 0.05))
    (fp_line (start 1.375 0.825) (end 0.875 1.325) (layer Dwgs.User) (width 0.05))
    (fp_line (start 1.375 0.325) (end 0.375 1.325) (layer Dwgs.User) (width 0.05))
    (fp_line (start 1.375 -0.175) (end -0.125 1.325) (layer Dwgs.User) (width 0.05))
    (fp_line (start 1.375 -0.675) (end -0.625 1.325) (layer Dwgs.User) (width 0.05))
    (fp_line (start 1.375 -1.175) (end -1.125 1.325) (layer Dwgs.User) (width 0.05))
    (fp_line (start 1.025 -1.325) (end -1.375 1.075) (layer Dwgs.User) (width 0.05))
    (fp_line (start 0.525 -1.325) (end -1.375 0.575) (layer Dwgs.User) (width 0.05))
    (fp_line (start 0.025 -1.325) (end -1.375 0.075) (layer Dwgs.User) (width 0.05))
    (fp_line (start -0.475 -1.325) (end -1.375 -0.425) (layer Dwgs.User) (width 0.05))
    (fp_line (start -0.975 -1.325) (end -1.375 -0.925) (layer Dwgs.User) (width 0.05))
    (fp_text user KEEPOUT (at 0 -0.5 90) (layer Cmts.User)
      (effects (font (size 0.2 0.2) (thickness 0.04)))
    )
    (fp_text user "No Copper" (at 0 -0.1 90) (layer Cmts.User)
      (effects (font (size 0.2 0.2) (thickness 0.04)))
    )
    (fp_text user "Directly Below" (at 0 0.25 90) (layer Cmts.User)
      (effects (font (size 0.2 0.2) (thickness 0.04)))
    )
    (fp_text user Component (at 0 0.55 90) (layer Cmts.User)
      (effects (font (size 0.2 0.2) (thickness 0.04)))
    )
    (pad 1 smd roundrect (at -1.95 -1.25 90) (size 0.85 0.3) (layers F.Cu F.Paste F.Mask) (roundrect_rratio 0.25)
      (net 4 GND))
    (pad 2 smd roundrect (at -1.95 -0.75 90) (size 0.85 0.3) (layers F.Cu F.Paste F.Mask) (roundrect_rratio 0.25))
    (pad 3 smd roundrect (at -1.95 -0.25 90) (size 0.85 0.3) (layers F.Cu F.Paste F.Mask) (roundrect_rratio 0.25))
    (pad 4 smd roundrect (at -1.95 0.25 90) (size 0.85 0.3) (layers F.Cu F.Paste F.Mask) (roundrect_rratio 0.25))
    (pad 5 smd roundrect (at -1.95 0.75 90) (size 0.85 0.3) (layers F.Cu F.Paste F.Mask) (roundrect_rratio 0.25))
    (pad 6 smd roundrect (at -1.95 1.25 90) (size 0.85 0.3) (layers F.Cu F.Paste F.Mask) (roundrect_rratio 0.25)
      (net 87 "Net-(U5-Pad6)"))
    (pad 7 smd roundrect (at -1.25 1.95 180) (size 0.85 0.3) (layers F.Cu F.Paste F.Mask) (roundrect_rratio 0.25)
      (net 88 "Net-(U5-Pad7)"))
    (pad 8 smd roundrect (at -0.75 1.95 180) (size 0.85 0.3) (layers F.Cu F.Paste F.Mask) (roundrect_rratio 0.25)
      (net 60 +3V0))
    (pad 9 smd roundrect (at -0.25 1.95 180) (size 0.85 0.3) (layers F.Cu F.Paste F.Mask) (roundrect_rratio 0.25)
      (net 4 GND))
    (pad 10 smd roundrect (at 0.25 1.95 180) (size 0.85 0.3) (layers F.Cu F.Paste F.Mask) (roundrect_rratio 0.25)
      (net 89 "Net-(C36-Pad1)"))
    (pad 11 smd roundrect (at 0.75 1.95 180) (size 0.85 0.3) (layers F.Cu F.Paste F.Mask) (roundrect_rratio 0.25)
      (net 4 GND))
    (pad 12 smd roundrect (at 1.25 1.95 180) (size 0.85 0.3) (layers F.Cu F.Paste F.Mask) (roundrect_rratio 0.25)
      (net 93 "Net-(U5-Pad12)"))
    (pad 13 smd roundrect (at 1.95 1.25 90) (size 0.85 0.3) (layers F.Cu F.Paste F.Mask) (roundrect_rratio 0.25)
      (net 60 +3V0))
    (pad 14 smd roundrect (at 1.95 0.75 90) (size 0.85 0.3) (layers F.Cu F.Paste F.Mask) (roundrect_rratio 0.25))
    (pad 15 smd roundrect (at 1.95 0.25 90) (size 0.85 0.3) (layers F.Cu F.Paste F.Mask) (roundrect_rratio 0.25))
    (pad 16 smd roundrect (at 1.95 -0.25 90) (size 0.85 0.3) (layers F.Cu F.Paste F.Mask) (roundrect_rratio 0.25))
    (pad 17 smd roundrect (at 1.95 -0.75 90) (size 0.85 0.3) (layers F.Cu F.Paste F.Mask) (roundrect_rratio 0.25))
    (pad 18 smd roundrect (at 1.95 -1.25 90) (size 0.85 0.3) (layers F.Cu F.Paste F.Mask) (roundrect_rratio 0.25)
      (net 4 GND))
    (pad 19 smd roundrect (at 1.25 -1.95 180) (size 0.85 0.3) (layers F.Cu F.Paste F.Mask) (roundrect_rratio 0.25))
    (pad 20 smd roundrect (at 0.75 -1.95 180) (size 0.85 0.3) (layers F.Cu F.Paste F.Mask) (roundrect_rratio 0.25)
      (net 90 "Net-(C37-Pad1)"))
    (pad 21 smd roundrect (at 0.25 -1.95 180) (size 0.85 0.3) (layers F.Cu F.Paste F.Mask) (roundrect_rratio 0.25))
    (pad 22 smd roundrect (at -0.25 -1.95 180) (size 0.85 0.3) (layers F.Cu F.Paste F.Mask) (roundrect_rratio 0.25))
    (pad 23 smd roundrect (at -0.75 -1.95 180) (size 0.85 0.3) (layers F.Cu F.Paste F.Mask) (roundrect_rratio 0.25)
      (net 91 /MPU_SCL))
    (pad 24 smd roundrect (at -1.25 -1.95 180) (size 0.85 0.3) (layers F.Cu F.Paste F.Mask) (roundrect_rratio 0.25)
      (net 92 /MPU_SDA))
    (model ${KISYS3DMOD}/Package_DFN_QFN.3dshapes/QFN-24-1EP_4x4mm_P0.5mm_EP2.7x2.6mm.wrl
      (at (xyz 0 0 0))
      (scale (xyz 1 1 1))
      (rotate (xyz 0 0 0))
    )
  )

  (module LED_SMD:LED_0603_1608Metric (layer F.Cu) (tedit 5B301BBE) (tstamp 5CB34755)
    (at 118.8125 63.6 180)
    (descr "LED SMD 0603 (1608 Metric), square (rectangular) end terminal, IPC_7351 nominal, (Body size source: http://www.tortai-tech.com/upload/download/2011102023233369053.pdf), generated with kicad-footprint-generator")
    (tags diode)
    (path /5CA53CC9)
    (attr smd)
    (fp_text reference D25 (at -2.6875 -3.9 180) (layer F.SilkS)
      (effects (font (size 1 1) (thickness 0.15)))
    )
    (fp_text value LED (at 0 1.43 180) (layer F.Fab)
      (effects (font (size 1 1) (thickness 0.15)))
    )
    (fp_line (start 0.8 -0.4) (end -0.5 -0.4) (layer F.Fab) (width 0.1))
    (fp_line (start -0.5 -0.4) (end -0.8 -0.1) (layer F.Fab) (width 0.1))
    (fp_line (start -0.8 -0.1) (end -0.8 0.4) (layer F.Fab) (width 0.1))
    (fp_line (start -0.8 0.4) (end 0.8 0.4) (layer F.Fab) (width 0.1))
    (fp_line (start 0.8 0.4) (end 0.8 -0.4) (layer F.Fab) (width 0.1))
    (fp_line (start 0.8 -0.735) (end -1.485 -0.735) (layer F.SilkS) (width 0.12))
    (fp_line (start -1.485 -0.735) (end -1.485 0.735) (layer F.SilkS) (width 0.12))
    (fp_line (start -1.485 0.735) (end 0.8 0.735) (layer F.SilkS) (width 0.12))
    (fp_line (start -1.48 0.73) (end -1.48 -0.73) (layer F.CrtYd) (width 0.05))
    (fp_line (start -1.48 -0.73) (end 1.48 -0.73) (layer F.CrtYd) (width 0.05))
    (fp_line (start 1.48 -0.73) (end 1.48 0.73) (layer F.CrtYd) (width 0.05))
    (fp_line (start 1.48 0.73) (end -1.48 0.73) (layer F.CrtYd) (width 0.05))
    (fp_text user %R (at 0 0 180) (layer F.Fab)
      (effects (font (size 0.4 0.4) (thickness 0.06)))
    )
    (pad 1 smd roundrect (at -0.7875 0 180) (size 0.875 0.95) (layers F.Cu F.Paste F.Mask) (roundrect_rratio 0.25)
      (net 4 GND))
    (pad 2 smd roundrect (at 0.7875 0 180) (size 0.875 0.95) (layers F.Cu F.Paste F.Mask) (roundrect_rratio 0.25)
      (net 55 "Net-(D25-Pad2)"))
    (model ${KISYS3DMOD}/LED_SMD.3dshapes/LED_0603_1608Metric.wrl
      (at (xyz 0 0 0))
      (scale (xyz 1 1 1))
      (rotate (xyz 0 0 0))
    )
  )

  (module Resistor_SMD:R_0603_1608Metric (layer F.Cu) (tedit 5B301BBD) (tstamp 5CB3460C)
    (at 128.5 78.75 180)
    (descr "Resistor SMD 0603 (1608 Metric), square (rectangular) end terminal, IPC_7351 nominal, (Body size source: http://www.tortai-tech.com/upload/download/2011102023233369053.pdf), generated with kicad-footprint-generator")
    (tags resistor)
    (path /5CA51A82)
    (attr smd)
    (fp_text reference L1 (at -2.25 -1.5 180) (layer F.SilkS)
      (effects (font (size 1 1) (thickness 0.15)))
    )
    (fp_text value BLM18 (at 0 1.43 180) (layer F.Fab)
      (effects (font (size 1 1) (thickness 0.15)))
    )
    (fp_line (start -0.8 0.4) (end -0.8 -0.4) (layer F.Fab) (width 0.1))
    (fp_line (start -0.8 -0.4) (end 0.8 -0.4) (layer F.Fab) (width 0.1))
    (fp_line (start 0.8 -0.4) (end 0.8 0.4) (layer F.Fab) (width 0.1))
    (fp_line (start 0.8 0.4) (end -0.8 0.4) (layer F.Fab) (width 0.1))
    (fp_line (start -0.162779 -0.51) (end 0.162779 -0.51) (layer F.SilkS) (width 0.12))
    (fp_line (start -0.162779 0.51) (end 0.162779 0.51) (layer F.SilkS) (width 0.12))
    (fp_line (start -1.48 0.73) (end -1.48 -0.73) (layer F.CrtYd) (width 0.05))
    (fp_line (start -1.48 -0.73) (end 1.48 -0.73) (layer F.CrtYd) (width 0.05))
    (fp_line (start 1.48 -0.73) (end 1.48 0.73) (layer F.CrtYd) (width 0.05))
    (fp_line (start 1.48 0.73) (end -1.48 0.73) (layer F.CrtYd) (width 0.05))
    (fp_text user %R (at 0 0 180) (layer F.Fab)
      (effects (font (size 0.4 0.4) (thickness 0.06)))
    )
    (pad 1 smd roundrect (at -0.7875 0 180) (size 0.875 0.95) (layers F.Cu F.Paste F.Mask) (roundrect_rratio 0.25)
      (net 60 +3V0))
    (pad 2 smd roundrect (at 0.7875 0 180) (size 0.875 0.95) (layers F.Cu F.Paste F.Mask) (roundrect_rratio 0.25)
      (net 67 VDDA))
    (model ${KISYS3DMOD}/Resistor_SMD.3dshapes/R_0603_1608Metric.wrl
      (at (xyz 0 0 0))
      (scale (xyz 1 1 1))
      (rotate (xyz 0 0 0))
    )
  )

  (module Capacitor_SMD:C_0603_1608Metric (layer F.Cu) (tedit 5B301BBE) (tstamp 5CA65F5B)
    (at 127.8 62.6 180)
    (descr "Capacitor SMD 0603 (1608 Metric), square (rectangular) end terminal, IPC_7351 nominal, (Body size source: http://www.tortai-tech.com/upload/download/2011102023233369053.pdf), generated with kicad-footprint-generator")
    (tags capacitor)
    (path /5CA6C7A0)
    (attr smd)
    (fp_text reference C33 (at -3.7 0.1 180) (layer F.SilkS)
      (effects (font (size 1 1) (thickness 0.15)))
    )
    (fp_text value 10n (at 0 1.43 180) (layer F.Fab)
      (effects (font (size 1 1) (thickness 0.15)))
    )
    (fp_line (start -0.8 0.4) (end -0.8 -0.4) (layer F.Fab) (width 0.1))
    (fp_line (start -0.8 -0.4) (end 0.8 -0.4) (layer F.Fab) (width 0.1))
    (fp_line (start 0.8 -0.4) (end 0.8 0.4) (layer F.Fab) (width 0.1))
    (fp_line (start 0.8 0.4) (end -0.8 0.4) (layer F.Fab) (width 0.1))
    (fp_line (start -0.162779 -0.51) (end 0.162779 -0.51) (layer F.SilkS) (width 0.12))
    (fp_line (start -0.162779 0.51) (end 0.162779 0.51) (layer F.SilkS) (width 0.12))
    (fp_line (start -1.48 0.73) (end -1.48 -0.73) (layer F.CrtYd) (width 0.05))
    (fp_line (start -1.48 -0.73) (end 1.48 -0.73) (layer F.CrtYd) (width 0.05))
    (fp_line (start 1.48 -0.73) (end 1.48 0.73) (layer F.CrtYd) (width 0.05))
    (fp_line (start 1.48 0.73) (end -1.48 0.73) (layer F.CrtYd) (width 0.05))
    (fp_text user %R (at 0 0 180) (layer F.Fab)
      (effects (font (size 0.4 0.4) (thickness 0.06)))
    )
    (pad 1 smd roundrect (at -0.7875 0 180) (size 0.875 0.95) (layers F.Cu F.Paste F.Mask) (roundrect_rratio 0.25)
      (net 4 GND))
    (pad 2 smd roundrect (at 0.7875 0 180) (size 0.875 0.95) (layers F.Cu F.Paste F.Mask) (roundrect_rratio 0.25)
      (net 59 "Net-(C33-Pad2)"))
    (model ${KISYS3DMOD}/Capacitor_SMD.3dshapes/C_0603_1608Metric.wrl
      (at (xyz 0 0 0))
      (scale (xyz 1 1 1))
      (rotate (xyz 0 0 0))
    )
  )

  (module Capacitor_SMD:C_0603_1608Metric (layer F.Cu) (tedit 5B301BBE) (tstamp 5CA65E4A)
    (at 111.464999 73.024999 180)
    (descr "Capacitor SMD 0603 (1608 Metric), square (rectangular) end terminal, IPC_7351 nominal, (Body size source: http://www.tortai-tech.com/upload/download/2011102023233369053.pdf), generated with kicad-footprint-generator")
    (tags capacitor)
    (path /5CAC623A)
    (attr smd)
    (fp_text reference C32 (at -0.785001 5.524999 180) (layer F.SilkS)
      (effects (font (size 1 1) (thickness 0.15)))
    )
    (fp_text value 100n (at 0 1.43 180) (layer F.Fab)
      (effects (font (size 1 1) (thickness 0.15)))
    )
    (fp_text user %R (at 0 0 180) (layer F.Fab)
      (effects (font (size 0.4 0.4) (thickness 0.06)))
    )
    (fp_line (start 1.48 0.73) (end -1.48 0.73) (layer F.CrtYd) (width 0.05))
    (fp_line (start 1.48 -0.73) (end 1.48 0.73) (layer F.CrtYd) (width 0.05))
    (fp_line (start -1.48 -0.73) (end 1.48 -0.73) (layer F.CrtYd) (width 0.05))
    (fp_line (start -1.48 0.73) (end -1.48 -0.73) (layer F.CrtYd) (width 0.05))
    (fp_line (start -0.162779 0.51) (end 0.162779 0.51) (layer F.SilkS) (width 0.12))
    (fp_line (start -0.162779 -0.51) (end 0.162779 -0.51) (layer F.SilkS) (width 0.12))
    (fp_line (start 0.8 0.4) (end -0.8 0.4) (layer F.Fab) (width 0.1))
    (fp_line (start 0.8 -0.4) (end 0.8 0.4) (layer F.Fab) (width 0.1))
    (fp_line (start -0.8 -0.4) (end 0.8 -0.4) (layer F.Fab) (width 0.1))
    (fp_line (start -0.8 0.4) (end -0.8 -0.4) (layer F.Fab) (width 0.1))
    (pad 2 smd roundrect (at 0.7875 0 180) (size 0.875 0.95) (layers F.Cu F.Paste F.Mask) (roundrect_rratio 0.25)
      (net 4 GND))
    (pad 1 smd roundrect (at -0.7875 0 180) (size 0.875 0.95) (layers F.Cu F.Paste F.Mask) (roundrect_rratio 0.25)
      (net 77 VS))
    (model ${KISYS3DMOD}/Capacitor_SMD.3dshapes/C_0603_1608Metric.wrl
      (at (xyz 0 0 0))
